1745605088.0907414 1745605088.2707973 1745605088.3596737
1745605088.3689868 1745605088.378141 1745605088.4653418
1745605088.474092 1745605088.483192 1745605088.5685077
1745605088.5760918 1745605088.584399 1745605088.6689153
1745605088.6764858 1745605088.6847346 1745605088.7671275
1745605088.7748363 1745605088.782936 1745605088.8666773
1745605088.8743215 1745605088.8824031 1745605088.963993
1745605088.971638 1745605088.9797323 1745605089.0603857
1745605089.0678964 1745605089.0759747 1745605089.1574717
1745605089.16506 1745605089.1731806 1745605089.2531936
1745605089.260844 1745605089.268972 1745605089.3484192
1745605089.3559291 1745605089.3640113 1745605089.4444609
1745605089.4519796 1745605089.4601057 1745605089.5421126
1745605089.5499241 1745605089.558048 1745605089.6385422
1745605089.646206 1745605089.654329 1745605089.7346802
1745605089.7423007 1745605089.7504845 1745605089.8298998
1745605089.8375537 1745605089.8456604 1745605089.9258926
1745605089.933534 1745605089.9416034 1745605090.0218678
1745605090.0294752 1745605090.0376549 1745605090.1211607
1745605090.1290698 1745605090.1373158 1745605090.2174351
1745605090.2250216 1745605090.2331269 1745605090.311928
1745605090.3196275 1745605090.327751 1745605090.4088812
1745605090.4164288 1745605090.4245641 1745605090.5049412
1745605090.512553 1745605090.5207782 1745605090.6018968
1745605090.6095924 1745605090.617792 1745605090.6981585
1745605090.7057796 1745605090.7138646 1745605090.7942102
1745605090.8019006 1745605090.8099024 1745605090.8906815
1745605090.8983285 1745605090.9064353 1745605090.9875026
1745605090.995127 1745605091.0032113 1745605091.0830753
1745605091.090739 1745605091.0987673 1745605091.178978
1745605091.1866415 1745605091.1947212 1745605091.275999
1745605091.2836242 1745605091.2917001 1745605091.373241
1745605091.3808703 1745605091.388955 1745605091.4689503
1745605091.4764624 1745605091.484553 1745605091.5648837
1745605091.5723772 1745605091.5804849 1745605091.6600955
1745605091.6677675 1745605091.6758103 1745605091.7567275
1745605091.7643182 1745605091.7724428 1745605091.8591843
1745605091.8667874 1745605091.8748915 1745605091.9562905
1745605091.9637637 1745605091.971824 1745605092.051381
1745605092.0590546 1745605092.0671718 1745605092.150599
1745605092.1589212 1745605092.1671882 1745605092.2470195
1745605092.254769 1745605092.262832 1745605092.3427746
1745605092.35046 1745605092.3585744 1745605092.4390805
1745605092.446699 1745605092.4548619 1745605092.5355697
1745605092.5432975 1745605092.5514243 1745605092.6316042
1745605092.6392357 1745605092.6472907 1745605092.7272453
1745605092.734841 1745605092.7429538 1745605092.822836
1745605092.830456 1745605092.838497 1745605092.9188929
1745605092.9265115 1745605092.9346066 1745605093.0157716
1745605093.023328 1745605093.031418 1745605093.1115737
1745605093.11929 1745605093.1273189 1745605093.208431
1745605093.2159178 1745605093.2240107 1745605093.3043427
1745605093.3117497 1745605093.319858 1745605093.3997412
1745605093.407387 1745605093.4154093 1745605093.4947357
1745605093.5023477 1745605093.5104947 1745605093.5908787
1745605093.5984333 1745605093.6065354 1745605093.686077
1745605093.6937096 1745605093.7017362 1745605093.7814903
1745605093.7891166 1745605093.797512 1745605093.881908
1745605093.8895667 1745605093.897695 1745605093.982238
1745605093.9900923 1745605093.998519 1745605094.0831227
1745605094.0908256 1745605094.0989676 1745605094.1827865
1745605094.1931658 1745605094.2018015 1745605094.2877016
1745605094.2975838 1745605094.3063924 1745605094.3931062
1745605094.4010952 1745605094.4092138 1745605094.4901893
1745605094.4978442 1745605094.5062144 1745605094.5875387
1745605094.595178 1745605094.6035664 1745605094.6840408
1745605094.6916838 1745605094.7000015 1745605094.7803254
1745605094.7879858 1745605094.7963035 1745605094.8763587
1745605094.8840873 1745605094.8924253 1745605094.9745216
1745605094.9822803 1745605094.9904888 1745605095.0730257
1745605095.0807288 1745605095.0896125 1745605095.1743362
1745605095.181956 1745605095.1907706 1745605095.270874
1745605095.2785602 1745605095.286673 1745605095.3671837
1745605095.3749692 1745605095.3831518 1745605095.4674082
1745605095.4755266 1745605095.4845204 1745605095.5691233
1745605095.576774 1745605095.5848637 1745605095.663386
1745605095.6709864 1745605095.6791253 1745605095.7586327
1745605095.76628 1745605095.77442 1745605095.857041
1745605095.8649964 1745605095.8736556 1745605095.9593349
1745605095.9673731 1745605095.9755566 1745605096.0580432
1745605096.0658383 1745605096.074164 1745605096.1620286
1745605096.169847 1745605096.1779654 1745605096.261143
1745605096.2687862 1745605096.2769241 1745605096.3572683
1745605096.3648865 1745605096.3730483 1745605096.4580307
1745605096.4666686 1745605096.474932 1745605096.55939
1745605096.5670128 1745605096.57516 1745605096.6576
1745605096.6656427 1745605096.6740427 1745605096.75905
1745605096.7667701 1745605096.7748792 1745605096.8585582
1745605096.8667133 1745605096.874949 1745605096.9595623
1745605096.9675262 1745605096.976349 1745605097.0575123
1745605097.0651524 1745605097.0735478 1745605097.1598403
1745605097.1685085 1745605097.1771195 1745605097.2614
1745605097.2690988 1745605097.2773035 1745605097.3577583
1745605097.3653302 1745605097.3734915 1745605097.456922
1745605097.4656563 1745605097.4738722 1745605097.5578408
1745605097.5655513 1745605097.5737662 1745605097.6548672
1745605097.662899 1745605097.6712575 1745605097.760377
1745605097.7688112 1745605097.776965 1745605097.8595226
1745605097.8671784 1745605097.8753743 1745605097.954571
1745605097.9623098 1745605097.970408 1745605098.0500855
1745605098.0577056 1745605098.0657573 1745605098.1459093
1745605098.1535554 1745605098.1617026 1745605098.241767
1745605098.2494092 1745605098.2574825 1745605098.3376803
1745605098.345288 1745605098.3533916 1745605098.4340587
1745605098.4417331 1745605098.4499204 1745605098.5318203
1745605098.5394628 1745605098.5474982 1745605098.6290326
1745605098.6364017 1745605098.6439605 1745605098.7212098
1745605098.7283194 1745605098.7362382 1745605098.8128495
1745605098.8202221 1745605098.8277533 1745605098.9035418
1745605098.9107063 1745605098.9184499 1745605098.993933
1745605099.001205 1745605099.0088928 1745605099.0845842
1745605099.091687 1745605099.0994868 1745605099.1754386
1745605099.182803 1745605099.1903634 1745605099.2676723
1745605099.274842 1745605099.2827346 1745605099.3595204
1745605099.3668916 1745605099.3744547 1745605099.4504378
1745605099.4575837 1745605099.4650855 1745605099.5423458
1745605099.5497265 1745605099.5573895 1745605099.6334634
1745605099.640549 1745605099.6481347 1745605099.724445
1745605099.7316518 1745605099.7394454 1745605099.817821
1745605099.8251913 1745605099.833291 1745605099.9128773
1745605099.9202878 1745605099.9278414 1745605100.005227
1745605100.012334 1745605100.020121 1745605100.0960608
1745605100.1034436 1745605100.1111245 1745605100.187687
1745605100.194791 1745605100.2025778 1745605100.2781026
1745605100.2854707 1745605100.293001 1745605100.3695257
1745605100.3765786 1745605100.384473 1745605100.460395
1745605100.4677482 1745605100.4753077 1745605100.5521371
1745605100.559286 1745605100.567096 1745605100.6434214
1745605100.6508214 1745605100.6584678 1745605100.7359369
1745605100.7441666 1745605100.7520955 1745605100.8293126
1745605100.8375907 1745605100.845978 1745605100.925409
1745605100.932835 1745605100.9407597 1745605101.0182645
1745605101.0254405 1745605101.0332446 1745605101.1098475
1745605101.1175685 1745605101.125119 1745605101.2026267
1745605101.2097905 1745605101.217976 1745605101.2942717
1745605101.3017533 1745605101.30934 1745605101.387117
1745605101.394579 1745605101.4024036 1745605101.4790328
1745605101.4864104 1745605101.4943542 1745605101.5713153
1745605101.5784147 1745605101.5862372 1745605101.6625595
1745605101.6701963 1745605101.6777825 1745605101.7556555
1745605101.7628303 1745605101.7710526 1745605101.8477795
1745605101.855205 1745605101.8627841 1745605101.9416869
1745605101.9492588 1745605101.957001 1745605102.0352564
1745605102.04245 1745605102.0508144 1745605102.1292977
1745605102.136698 1745605102.1443446 1745605102.2202637
1745605102.2277186 1745605102.2355578 1745605102.311409
1745605102.3190095 1745605102.3266828 1745605102.4021468
1745605102.4092891 1745605102.4171643 1745605102.4923515
1745605102.499784 1745605102.5074022 1745605102.5838513
1745605102.590994 1745605102.5987837 1745605102.6743965
1745605102.6816037 1745605102.689558 1745605102.7678862
1745605102.7750587 1745605102.7829432 1745605102.8597355
1745605102.8671777 1745605102.8748682 1745605102.9526544
1745605102.9598126 1745605102.967728 1745605103.0438633
1745605103.0513446 1745605103.0590162 1745605103.1356244
1745605103.1427822 1745605103.1507587 1745605103.2275465
1745605103.2350123 1745605103.242665 1745605103.3223176
1745605103.329521 1745605103.3374035 1745605103.414669
1745605103.422091 1745605103.4297848 1745605103.5068378
1745605103.514027 1745605103.521897 1745605103.5994887
1745605103.6066546 1745605103.614276 1745605103.6904712
1745605103.6976595 1745605103.7056406 1745605103.7822802
1745605103.789608 1745605103.7972639 1745605103.8738086
1745605103.8810198 1745605103.8888888 1745605103.9658158
1745605103.9730682 1745605103.9807487 1745605104.0572748
1745605104.0644906 1745605104.0723474 1745605104.150876
1745605104.1580894 1745605104.1658533 1745605104.243202
1745605104.2503986 1745605104.258967 1745605104.3385448
1745605104.3457854 1745605104.3535259 1745605104.4301395
1745605104.437305 1745605104.4449193 1745605104.5198736
1745605104.5270343 1745605104.5347023 1745605104.6098049
1745605104.6168873 1745605104.6245358 1745605104.6993458
1745605104.7065346 1745605104.7140365 1745605104.7886748
1745605104.7957907 1745605104.8033624 1745605104.8782535
1745605104.8853338 1745605104.892945 1745605104.9691284
1745605104.9762564 1745605104.9837942 1745605105.0587125
1745605105.0657911 1745605105.0734084 1745605105.1491742
1745605105.1562376 1745605105.16385 1745605105.2402277
1745605105.247447 1745605105.2549627 1745605105.3303435
1745605105.3374922 1745605105.3450801 1745605105.4208167
1745605105.427955 1745605105.435535 1745605105.5108697
1745605105.5180237 1745605105.5255575 1745605105.6003091
1745605105.6074758 1745605105.6150582 1745605105.6904943
1745605105.6976373 1745605105.7052312 1745605105.781118
1745605105.7885373 1745605105.79611 1745605105.8830352
1745605105.8903406 1745605105.8979545 1745605105.9782948
1745605105.9855103 1745605105.993102 1745605106.0717654
1745605106.0789964 1745605106.086528 1745605106.1640596
1745605106.171148 1745605106.1787267 1745605106.2545366
1745605106.2615979 1745605106.269073 1745605106.3427885
1745605106.3499365 1745605106.3573213 1745605106.432137
1745605106.4394805 1745605106.4468746 1745605106.5246947
1745605106.5321333 1745605106.540182 1745605106.6164117
1745605106.6235564 1745605106.630863 1745605106.701756
1745605106.7087638 1745605106.716327 1745605106.7866082
1745605106.7936 1745605106.8011062 1745605106.8701358
1745605106.8771918 1745605106.8847651 1745605106.9551613
1745605106.9621985 1745605106.9697466 1745605107.0410898
1745605107.0481145 1745605107.055662 1745605107.125781
1745605107.1331093 1745605107.1404247 1745605107.2133024
1745605107.2206993 1745605107.2282245 1745605107.3039913
1745605107.3110516 1745605107.3186438 1745605107.3919406
1745605107.3991497 1745605107.4065514 1745605107.4785602
1745605107.4858737 1745605107.4934332 1745605107.5674171
1745605107.5744812 1745605107.5818462 1745605107.654912
1745605107.6620228 1745605107.6697826 1745605107.746749
1745605107.7540927 1745605107.761481 1745605107.8367336
1745605107.8439457 1745605107.851638 1745605107.9265738
1745605107.933885 1745605107.9412682 1745605108.015171
1745605108.022572 1745605108.0299456 1745605108.1041272
1745605108.1111956 1745605108.1189752 1745605108.1943727
1745605108.2017233 1745605108.2092016 1745605108.2849987
1745605108.292259 1745605108.2999387 1745605108.3779838
1745605108.3855188 1745605108.3930423 1745605108.4775212
1745605108.4849596 1745605108.492578 1745605108.5755017
1745605108.5829499 1745605108.5904446 1745605108.669867
1745605108.6770117 1745605108.6853325 1745605108.76764
1745605108.7753055 1745605108.7834573 1745605108.8697479
1745605108.8776178 1745605108.8855724 1745605108.9765713
1745605108.9843125 1745605108.9941359 1745605109.0792367
1745605109.0864742 1745605109.0941968 1745605109.1746407
1745605109.1818035 1745605109.1894171 1745605109.2672393
1745605109.2743511 1745605109.282064 1745605109.3597908
1745605109.3669147 1745605109.374558 1745605109.450656
1745605109.4578953 1745605109.4655097 1745605109.5426316
1745605109.54979 1745605109.5574906 1745605109.634396
1745605109.6415935 1745605109.64919 1745605109.7264497
1745605109.7336342 1745605109.7411945 1745605109.8175242
1745605109.824619 1745605109.832241 1745605109.9091952
1745605109.916292 1745605109.923956 1745605110.0005422
1745605110.0076778 1745605110.0152307 1745605110.0912213
1745605110.0983393 1745605110.1059275 1745605110.181482
1745605110.188576 1745605110.1962142 1745605110.2725525
1745605110.279756 1745605110.2873654 1745605110.3637989
1745605110.3710144 1745605110.3788714 1745605110.4539702
1745605110.461159 1745605110.4686894 1745605110.5401073
1745605110.5473177 1745605110.554833 1745605110.6278095
1745605110.6350763 1745605110.6425867 1745605110.7162218
1745605110.7233596 1745605110.7310624 1745605110.8046453
1745605110.8118014 1745605110.8193662 1745605110.8938484
1745605110.9011514 1745605110.908472 1745605110.9823213
1745605110.9895306 1745605110.9971735 1745605111.073659
1745605111.0809124 1745605111.088633 1745605111.1672907
1745605111.1748564 1745605111.1823215 1745605111.2564843
1745605111.263729 1745605111.2736535 1745605111.351688
1745605111.3588455 1745605111.3680618 1745605111.4453208
1745605111.452876 1745605111.4633336 1745605111.546102
1745605111.5563798 1745605111.56506 1745605111.64909
1745605111.6570435 1745605111.6643372 1745605111.7500122
1745605111.757131 1745605111.7649267 1745605111.8643627
1745605111.8803856 1745605111.8886905 1745605111.9885333
1745605111.9960723 1745605112.004517 1745605112.0924342
1745605112.099535 1745605112.1073606 1745605112.1894553
1745605112.196483 1745605112.2043471 1745605112.2849185
1745605112.2920287 1745605112.2997699 1745605112.380694
1745605112.3877907 1745605112.3954923 1745605112.4741378
1745605112.481207 1745605112.4889867 1745605112.5692127
1745605112.5763843 1745605112.5839324 1745605112.6622727
1745605112.6693394 1745605112.6769762 1745605112.755838
1745605112.7629695 1745605112.770581 1745605112.848534
1745605112.8556385 1745605112.863199 1745605112.9409132
1745605112.9480689 1745605112.9557548 1745605113.0346808
1745605113.04182 1745605113.0495353 1745605113.128564
1745605113.1357112 1745605113.1434824 1745605113.2241752
1745605113.2313418 1745605113.2390587 1745605113.320388
1745605113.327459 1745605113.3352642 1745605113.4154503
1745605113.4225538 1745605113.4302597 1745605113.5089567
1745605113.5160618 1745605113.523734 1745605113.6029737
1745605113.6100788 1745605113.6178699 1745605113.6969454
1745605113.7040722 1745605113.7117643 1745605113.7913997
1745605113.7985106 1745605113.8062084 1745605113.8849454
1745605113.8920147 1745605113.899785 1745605113.978999
1745605113.986102 1745605113.993835 1745605114.074885
1745605114.0823977 1745605114.090338 1745605114.1719496
1745605114.1790833 1745605114.1870077 1745605114.269921
1745605114.2784154 1745605114.2864485 1745605114.371967
1745605114.3801208 1745605114.3889906 1745605114.4753895
1745605114.4840224 1745605114.4923966 1745605114.5846653
1745605114.5919995 1745605114.6004632 1745605114.6929283
1745605114.7006452 1745605114.708833 1745605114.8047445
1745605114.8201368 1745605114.8284461 1745605114.910833
1745605114.9180465 1745605114.925871 1745605115.0054584
1745605115.0127764 1745605115.0206149 1745605115.0997727
1745605115.1070383 1745605115.1152763 1745605115.2001977
1745605115.2073524 1745605115.215203 1745605115.2974005
1745605115.3047507 1745605115.312554 1745605115.3943224
1745605115.4014645 1745605115.409775 1745605115.490581
1745605115.4977515 1745605115.505607 1745605115.586825
1745605115.5942433 1745605115.6020691 1745605115.6837535
1745605115.6909459 1745605115.6992068 1745605115.781411
1745605115.7885132 1745605115.7963896 1745605115.8770554
1745605115.8845332 1745605115.8923092 1745605115.9736462
1745605115.9810424 1745605115.988945 1745605116.0704684
1745605116.0777142 1745605116.0855951 1745605116.1700034
1745605116.1771612 1745605116.1850376 1745605116.267223
1745605116.274385 1745605116.2823095 1745605116.3627377
1745605116.369879 1745605116.3777378 1745605116.45763
1745605116.4647777 1745605116.4726567 1745605116.5540931
1745605116.5612164 1745605116.569106 1745605116.6507905
1745605116.6580305 1745605116.6659057 1745605116.748637
1745605116.7558722 1745605116.7637136 1745605116.8454106
1745605116.8525512 1745605116.8605204 1745605116.9463406
1745605116.95378 1745605116.9616816 1745605117.047396
1745605117.0549328 1745605117.0628693 1745605117.1500597
1745605117.1575627 1745605117.1657314 1745605117.2635498
1745605117.271253 1745605117.2795155 1745605117.3904247
1745605117.3976104 1745605117.4060762 1745605117.492876
1745605117.500279 1745605117.5081863 1745605117.5899029
1745605117.5970411 1745605117.605174 1745605117.6874478
1745605117.6946595 1745605117.7027695 1745605117.7847838
1745605117.791994 1745605117.8001242 1745605117.881948
1745605117.8893204 1745605117.8972194 1745605117.9801877
1745605117.987585 1745605117.9954672 1745605118.0775993
1745605118.085056 1745605118.0929458 1745605118.176267
1745605118.1836607 1745605118.1915445 1745605118.2728546
1745605118.2800536 1745605118.2881627 1745605118.3697402
1745605118.3768995 1745605118.3850136 1745605118.467193
1745605118.4742956 1745605118.4822648 1745605118.5635016
1745605118.5708582 1745605118.578634 1745605118.659815
1745605118.6672144 1745605118.6750786 1745605118.7585075
1745605118.765766 1745605118.7737641 1745605118.8564022
1745605118.8635883 1745605118.8716772 1745605118.9530096
1745605118.9601 1745605118.9681683 1745605119.047581
1745605119.0549068 1745605119.0627387 1745605119.142812
1745605119.150129 1745605119.1578946 1745605119.2385566
1745605119.245772 1745605119.253833 1745605119.3361862
1745605119.3433363 1745605119.351392 1745605119.433428
1745605119.4405377 1745605119.4483469 1745605119.5342908
1745605119.5414402 1745605119.549525 1745605119.6328082
1745605119.640189 1745605119.6481092 1745605119.7367935
1745605119.7467916 1745605119.756472 1745605119.844682
1745605119.8524592 1745605119.864263 1745605119.9510746
1745605119.9582918 1745605119.9668465 1745605120.0639977
1745605120.0720248 1745605120.0882275 1745605120.1749883
1745605120.190054 1745605120.1980836 1745605120.3052921
1745605120.312799 1745605120.329503 1745605120.4223547
1745605120.438778 1745605120.4468095 1745605120.5334473
1745605120.5406444 1745605120.5486646 1745605120.63261
1745605120.6398182 1745605120.647891 1745605120.730802
1745605120.738006 1745605120.7459776 1745605120.8294096
1745605120.8365288 1745605120.8446138 1745605120.9279583
1745605120.935065 1745605120.9431536 1745605121.0265462
1745605121.0337512 1745605121.0417986 1745605121.125212
1745605121.1323998 1745605121.1404703 1745605121.2241135
1745605121.2313154 1745605121.2394242 1745605121.3248222
1745605121.3320708 1745605121.3400695 1745605121.4245868
1745605121.4317412 1745605121.4399009 1745605121.523605
1745605121.5307221 1745605121.5388114 1745605121.6219592
1745605121.6291335 1745605121.6371374 1745605121.7216427
1745605121.7287688 1745605121.7369118 1745605121.826656
1745605121.8337543 1745605121.841865 1745605121.9250476
1745605121.9321406 1745605121.940273 1745605122.0238714
1745605122.0310483 1745605122.0391006 1745605122.1230114
1745605122.130191 1745605122.138358 1745605122.2230995
1745605122.2302072 1745605122.2383792 1745605122.3225408
1745605122.3297026 1745605122.337779 1745605122.421628
1745605122.4287798 1745605122.436939 1745605122.5227013
1745605122.5299525 1745605122.5382771 1745605122.6264448
1745605122.6336899 1745605122.6418102 1745605122.7319572
1745605122.7396157 1745605122.7480676 1745605122.8477647
1745605122.8551784 1745605122.8634694 1745605122.9555042
1745605122.9626958 1745605122.9707441 1745605123.054705
1745605123.061835 1745605123.0699925 1745605123.1534078
1745605123.160606 1745605123.1687307 1745605123.254365
1745605123.2615373 1745605123.2695813 1745605123.353211
1745605123.360329 1745605123.3684514 1745605123.4521444
1745605123.4592705 1745605123.46736 1745605123.5506077
1745605123.557776 1745605123.5658422 1745605123.6502986
1745605123.657469 1745605123.6655993 1745605123.7515254
1745605123.758725 1745605123.7668202 1745605123.8513007
1745605123.8585756 1745605123.8665876 1745605123.952847
1745605123.960034 1745605123.9682226 1745605124.0534542
1745605124.060647 1745605124.0686889 1745605124.1544163
1745605124.161605 1745605124.1695783 1745605124.2537599
1745605124.260863 1745605124.2689614 1745605124.3537526
1745605124.3608239 1745605124.368897 1745605124.452589
1745605124.459821 1745605124.4678588 1745605124.5530963
1745605124.5602098 1745605124.5683732 1745605124.6532922
1745605124.6604333 1745605124.6685753 1745605124.7535377
1745605124.7606974 1745605124.7687075 1745605124.8533213
1745605124.8608193 1745605124.8687432 1745605124.9599924
1745605124.9678338 1745605124.9761915 1745605125.0669546
1745605125.0742896 1745605125.0822973 1745605125.1797214
1745605125.187374 1745605125.1955307 1745605125.2925541
1745605125.3003054 1745605125.3211668 1745605125.4232845
1745605125.43883 1745605125.4471755 1745605125.5505376
1745605125.5632937 1745605125.5717947 1745605125.6626313
1745605125.670193 1745605125.6781874 1745605125.76898
1745605125.7763028 1745605125.7844014 1745605125.8751645
1745605125.8828518 1745605125.8906982 1745605125.9814425
1745605125.9890363 1745605125.9970565 1745605126.0878863
1745605126.0951903 1745605126.103335 1745605126.1947095
1745605126.2021303 1745605126.2099993 1745605126.2966895
1745605126.304072 1745605126.312087 1745605126.3981373
1745605126.4052968 1745605126.413255 1745605126.491551
1745605126.4985807 1745605126.506741 1745605126.5855255
1745605126.592654 1745605126.6008801 1745605126.687129
1745605126.6943033 1745605126.7024636 1745605126.7882962
1745605126.7955093 1745605126.803626 1745605126.8897643
1745605126.8969505 1745605126.9051664 1745605126.9911647
1745605126.998381 1745605127.0064545 1745605127.0936947
1745605127.101157 1745605127.1089733 1745605127.196768
1745605127.2042294 1745605127.2121658 1745605127.2996328
1745605127.3068824 1745605127.3146598 1745605127.4029138
1745605127.4101303 1745605127.418173 1745605127.5045397
1745605127.5117395 1745605127.5199885 1745605127.608277
1745605127.6156533 1745605127.6237016 1745605127.718489
1745605127.7259312 1745605127.7341897 1745605127.823162
1745605127.8305693 1745605127.8396716 1745605127.9418852
1745605127.9520397 1745605127.965007 1745605128.0634544
1745605128.071497 1745605128.0876005 1745605128.1862845
1745605128.193925 1745605128.2102447 1745605128.3099115
1745605128.3178327 1745605128.3256378 1745605128.4331622
1745605128.4406288 1745605128.4484599 1745605128.5565968
1745605128.564011 1745605128.572281 1745605128.6800356
1745605128.687816 1745605128.6955855 1745605128.803562
1745605128.811009 1745605128.8193185 1745605128.9265778
1745605128.9342952 1745605128.9423995 1745605129.0482006
1745605129.0559523 1745605129.0637457 1745605129.1710248
1745605129.1784945 1745605129.1865454 1745605129.291117
1745605129.2984378 1745605129.3066173 1745605129.4144785
1745605129.423529 1745605129.431428 1745605129.5215406
1745605129.5297265 1745605129.5385525 1745605129.622405
1745605129.6297784 1745605129.6381476 1745605129.721397
1745605129.7286644 1745605129.7366428 1745605129.8200765
1745605129.827794 1745605129.835745 1745605129.9198625
1745605129.9271948 1745605129.935556 1745605130.019288
1745605130.026637 1745605130.0345976 1745605130.1182666
1745605130.1259465 1745605130.1338599 1745605130.2175791
1745605130.2248774 1745605130.233261 1745605130.3161964
1745605130.3235638 1745605130.3312736 1745605130.4144034
1745605130.4222813 1745605130.4299304 1745605130.5126216
1745605130.520301 1745605130.5283966 1745605130.611731
1745605130.619348 1745605130.6270545 1745605130.7100332
1745605130.7179775 1745605130.7257142 1745605130.8094409
1745605130.816989 1745605130.8250926 1745605130.9082625
1745605130.9157047 1745605130.9235883 1745605131.0066442
1745605131.0143347 1745605131.0222797 1745605131.106347
1745605131.114009 1745605131.12213 1745605131.2092304
1745605131.2169242 1745605131.224711 1745605131.3121152
1745605131.3198752 1745605131.327611 1745605131.4151511
1745605131.4228237 1745605131.4306612 1745605131.51996
1745605131.5274656 1745605131.5360584 1745605131.6253145
1745605131.6331494 1745605131.6410012 1745605131.737491
1745605131.7451246 1745605131.7534459 1745605131.8527837
1745605131.8683844 1745605131.876126 1745605131.9742706
1745605131.982238 1745605131.9988554 1745605132.0869322
1745605132.0943732 1745605132.10297 1745605132.206112
1745605132.2136245 1745605132.2217078 1745605132.3256476
1745605132.3334875 1745605132.341241 1745605132.4465191
1745605132.4541888 1745605132.462075 1745605132.5713701
1745605132.5835595 1745605132.5914576 1745605132.677855
1745605132.6853256 1745605132.693168 1745605132.7755272
1745605132.7830741 1745605132.790958 1745605132.8758552
1745605132.8834062 1745605132.8912215 1745605132.9754953
1745605132.9831135 1745605132.9908948 1745605133.0796254
1745605133.0871968 1745605133.0950263 1745605133.184111
1745605133.1914685 1745605133.199285 1745605133.2857163
1745605133.2931223 1745605133.3010602 1745605133.389164
1745605133.3965333 1745605133.404451 1745605133.4891756
1745605133.4964895 1745605133.5043764 1745605133.5875258
1745605133.5948393 1745605133.6027043 1745605133.685124
1745605133.6924121 1745605133.7004278 1745605133.784551
1745605133.791724 1745605133.7996976 1745605133.8836339
1745605133.890939 1745605133.8985875 1745605133.9830682
1745605133.9903033 1745605133.9979968 1745605134.080307
1745605134.087762 1745605134.0954878 1745605134.1784148
1745605134.1858878 1745605134.193598 1745605134.2757037
1745605134.2832067 1745605134.2908988 1745605134.3747845
1745605134.38196 1745605134.3899026 1745605134.4713457
1745605134.4786034 1745605134.486479 1745605134.5677176
1745605134.5749834 1745605134.5829697 1745605134.6663496
1745605134.6736565 1745605134.6814148 1745605134.7689657
1745605134.7762525 1745605134.7842896 1745605134.8683484
1745605134.8756108 1745605134.8836172 1745605134.9703507
1745605134.9780324 1745605134.986383 1745605135.0711014
1745605135.0807407 1745605135.0938718 1745605135.1860352
1745605135.1933036 1745605135.201592 1745605135.3047411
1745605135.3119853 1745605135.320166 1745605135.423164
1745605135.4305403 1745605135.4385936 1745605135.541621
1745605135.5492067 1745605135.557531 1745605135.6508734
1745605135.6584136 1745605135.6748958 1745605135.758532
1745605135.7657979 1745605135.773651 1745605135.8735766
1745605135.880839 1745605135.8885858 1745605135.987523
1745605135.9951563 1745605136.0033255 1745605136.0920703
1745605136.1001482 1745605136.1077137 1745605136.202655
1745605136.2099223 1745605136.2179632 1745605136.318462
1745605136.3257465 1745605136.333682 1745605136.4384825
1745605136.4459093 1745605136.4538004 1745605136.5572095
1745605136.5645664 1745605136.5728953 1745605136.6614487
1745605136.6688056 1745605136.6770833 1745605136.778954
1745605136.7863605 1745605136.7942812 1745605136.9028194
1745605136.910207 1745605136.9181716 1745605137.0265098
1745605137.0343685 1745605137.0422077 1745605137.1447556
1745605137.1581957 1745605137.1663134 1745605137.2654037
1745605137.273192 1745605137.2815006 1745605137.396897
1745605137.4131505 1745605137.421562 1745605137.5269752
1745605137.5345025 1745605137.5422966 1745605137.6471462
1745605137.6546812 1745605137.662536 1745605137.766315
1745605137.7740288 1745605137.7818787 1745605137.8751068
1745605137.8837302 1745605137.8916426 1745605137.9959307
1745605138.0035734 1745605138.011353 1745605138.1149876
1745605138.1224384 1745605138.1302493 1745605138.2341263
1745605138.2416089 1745605138.2495532 1745605138.337529
1745605138.3452713 1745605138.3613274 1745605138.4682837
1745605138.4757538 1745605138.4837172 1745605138.5903184
1745605138.5977862 1745605138.6057925 1745605138.7147596
1745605138.7311985 1745605138.7397835 1745605138.8472881
1745605138.855048 1745605138.862847 1745605138.9474833
1745605138.9636476 1745605138.9719222 1745605139.078276
1745605139.0857637 1745605139.0935476 1745605139.2002811
1745605139.2165067 1745605139.224704 1745605139.3201766
1745605139.3307786 1745605139.3447695 1745605139.440041
1745605139.4559026 1745605139.4640408 1745605139.568779
1745605139.5761108 1745605139.6005185 1745605139.723214
1745605139.7311049 1745605139.7395678 1745605139.857855
1745605139.8656754 1745605139.874468 1745605139.9829848
1745605140.0024364 1745605140.0113523 1745605140.1239738
1745605140.1391964 1745605140.15638 1745605140.2506797
1745605140.2584577 1745605140.2747633 1745605140.373952
1745605140.3812556 1745605140.391331 1745605140.4892764
1745605140.4966104 1745605140.5050023 1745605140.5960603
1745605140.6125562 1745605140.6207767 1745605140.7196293
1745605140.7269645 1745605140.735054 1745605140.8345735
1745605140.8482888 1745605140.8565698 1745605140.9409635
1745605140.9483411 1745605140.9560747 1745605141.0675085
1745605141.0752225 1745605141.0920281 1745605141.1860468
1745605141.1934857 1745605141.2017841 1745605141.3065393
1745605141.3139594 1745605141.322088 1745605141.4292452
1745605141.4369016 1745605141.4446316 1745605141.5474248
1745605141.5556862 1745605141.5727093 1745605141.6690567
1745605141.6766682 1745605141.6908681 1745605141.7842622
1745605141.7917442 1745605141.7998505 1745605141.9092734
1745605141.9254224 1745605141.9350054 1745605142.029079
1745605142.0369534 1745605142.0538468 1745605142.1475115
1745605142.1550379 1745605142.163053 1745605142.2766662
1745605142.2841096 1745605142.2920732 1745605142.3956954
1745605142.4124343 1745605142.4210007 1745605142.514199
1745605142.5220351 1745605142.5308654 1745605142.6300313
1745605142.6376753 1745605142.6454983 1745605142.7477453
1745605142.7559078 1745605142.772406 1745605142.8671641
1745605142.874488 1745605142.8824236 1745605142.989885
1745605142.997164 1745605143.0057032 1745605143.1174924
1745605143.1247776 1745605143.1328325 1745605143.2367826
1745605143.244335 1745605143.262216 1745605143.3568304
1745605143.3644145 1745605143.3765042 1745605143.4777608
1745605143.4853168 1745605143.4931335 1745605143.5951688
1745605143.602819 1745605143.6172988 1745605143.710612
1745605143.7185724 1745605143.7264268 1745605143.8293355
1745605143.8369737 1745605143.8448203 1745605143.9586265
1745605143.9662375 1745605143.9743476 1745605144.0775485
1745605144.0856993 1745605144.102468 1745605144.195893
1745605144.2037034 1745605144.2117674 1745605144.3175
1745605144.3248885 1745605144.3329072 1745605144.4367514
1745605144.4443505 1745605144.461845 1745605144.5577364
1745605144.5651128 1745605144.5736978 1745605144.6812878
1745605144.6888094 1745605144.6968446 1745605144.8418968
1745605144.8499758 1745605144.857794 1745605144.976916
1745605144.9843402 1745605144.9926977 1745605145.1054766
1745605145.123281 1745605145.1314087 1745605145.2224956
1745605145.2298415 1745605145.2382343 1745605145.3525493
1745605145.3599038 1745605145.3679028 1745605145.4677775
1745605145.4752674 1745605145.4830766 1745605145.5746343
1745605145.582001 1745605145.5898259 1745605145.6995585
1745605145.7069058 1745605145.7146406 1745605145.8194938
1745605145.8271203 1745605145.8435452 1745605145.9317029
1745605145.9394584 1745605145.9473479 1745605146.0624971
1745605146.0712612 1745605146.0790684 1745605146.1849353
1745605146.193408 1745605146.2112849 1745605146.3072634
1745605146.315061 1745605146.3238196 1745605146.4297118
1745605146.4375465 1745605146.445322 1745605146.559319
1745605146.5674508 1745605146.5752075 1745605146.681441
1745605146.689517 1745605146.697979 1745605146.7950523
1745605146.8028622 1745605146.810752 1745605146.9329486
1745605146.9406533 1745605146.9485333 1745605147.053701
1745605147.0611694 1745605147.0698352 1745605147.1665733
1745605147.182546 1745605147.1907845 1745605147.2979734
1745605147.3060508 1745605147.3139188 1745605147.4299479
1745605147.4379811 1745605147.4462 1745605147.5483227
1745605147.5610073 1745605147.5694664 1745605147.667784
1745605147.6755395 1745605147.6837583 1745605147.7932055
1745605147.801331 1745605147.8096814 1745605147.9102855
1745605147.91872 1745605147.9323936 1745605148.0270426
1745605148.035189 1745605148.0429513 1745605148.1560552
1745605148.1637774 1745605148.172006 1745605148.269301
1745605148.2862656 1745605148.2941768 1745605148.3926969
1745605148.4005153 1745605148.4083352 1745605148.5169942
1745605148.5335147 1745605148.5417435 1745605148.6575007
1745605148.6738832 1745605148.6817088 1745605148.7815454
1745605148.7892792 1745605148.7974606 1745605148.9095104
1745605148.9172385 1745605148.9251044 1745605149.0321882
1745605149.0400715 1745605149.0567856 1745605149.145521
1745605149.1612425 1745605149.1696281 1745605149.2778296
1745605149.2857158 1745605149.2935646 1745605149.3925407
1745605149.4089606 1745605149.4173033 1745605149.5147278
1745605149.5227668 1745605149.534061 1745605149.6467223
1745605149.6545048 1745605149.6622834 1745605149.7703013
1745605149.7777653 1745605149.7946398 1745605149.9162076
1745605149.932568 1745605149.9413908 1745605150.045438
1745605150.0537887 1745605150.0620775 1745605150.1718683
1745605150.1883109 1745605150.1969106 1745605150.2997313
1745605150.3077023 1745605150.3167977 1745605150.4244895
1745605150.4317203 1745605150.4400945 1745605150.5490928
1745605150.5568032 1745605150.5648308 1745605150.6584804
1745605150.6662827 1745605150.6741915 1745605150.765837
1745605150.773139 1745605150.780998 1745605150.8689027
1745605150.8848908 1745605150.8927736 1745605150.9899023
1745605150.9972923 1745605151.0054886 1745605151.109202
1745605151.1173136 1745605151.1253455 1745605151.2270908
1745605151.2346773 1745605151.2503169 1745605151.3564281
1745605151.363821 1745605151.37179 1745605151.4742892
1745605151.4815612 1745605151.4981527 1745605151.5822215
1745605151.5898802 1745605151.6062899 1745605151.7094543
1745605151.7171886 1745605151.7249088 1745605151.8280742
1745605151.83624 1745605151.8442633 1745605151.9485958
1745605151.9564054 1745605151.9642262 1745605152.075647
1745605152.0835257 1745605152.091286 1745605152.1879716
1745605152.1952775 1745605152.2036548 1745605152.3081026
1745605152.3155444 1745605152.32361 1745605152.4352894
1745605152.4426446 1745605152.450881 1745605152.5442412
1745605152.5520885 1745605152.5598361 1745605152.657526
1745605152.6648026 1745605152.6731317 1745605152.76982
1745605152.7773042 1745605152.7938707 1745605152.8836627
1745605152.8910434 1745605152.8990119 1745605153.0106
1745605153.0233471 1745605153.0312467 1745605153.1255758
1745605153.13374 1745605153.1414888 1745605153.2446423
1745605153.2523496 1745605153.260122 1745605153.3778734
1745605153.3859465 1745605153.393787 1745605153.480359
1745605153.488309 1745605153.4961126 1745605153.6104755
1745605153.6182559 1745605153.6260238 1745605153.7201593
1745605153.7277076 1745605153.7440922 1745605153.8382306
1745605153.8456182 1745605153.8534584 1745605153.970053
1745605153.9774294 1745605153.9854712 1745605154.0813456
1745605154.089628 1745605154.1063018 1745605154.2042222
1745605154.211678 1745605154.2197251 1745605154.3303053
1745605154.3385634 1745605154.3550296 1745605154.4443254
1745605154.4520996 1745605154.4690394 1745605154.573752
1745605154.5811436 1745605154.5891514 1745605154.7020102
1745605154.718282 1745605154.7263913 1745605154.8136423
1745605154.8295844 1745605154.8381612 1745605154.9565866
1745605154.9709792 1745605154.9786928 1745605155.0687964
1745605155.076257 1745605155.0844772 1745605155.1817157
1745605155.1889548 1745605155.196769 1745605155.2963164
1745605155.3042898 1745605155.3130567 1745605155.4210868
1745605155.4292743 1745605155.4379601 1745605155.558086
1745605155.5662832 1745605155.5741365 1745605155.6612082
1745605155.6761358 1745605155.68442 1745605155.7855017
1745605155.7928777 1745605155.8010514 1745605155.8857806
1745605155.9019084 1745605155.90973 1745605156.0135727
1745605156.0211134 1745605156.0288897 1745605156.1303518
1745605156.1384926 1745605156.1550868 1745605156.2407494
1745605156.2480094 1745605156.2564657 1745605156.3668191
1745605156.3740919 1745605156.3818743 1745605156.47624
1745605156.4838455 1745605156.5005784 1745605156.5937326
1745605156.6014316 1745605156.6092353 1745605156.7030368
1745605156.719196 1745605156.7271729 1745605156.831312
1745605156.8389773 1745605156.8469722 1745605156.9593399
1745605156.9669435 1745605156.9749506 1745605157.0703585
1745605157.077958 1745605157.0941603 1745605157.1857007
1745605157.1929739 1745605157.201004 1745605157.3033125
1745605157.3107932 1745605157.3273678 1745605157.4120932
1745605157.41967 1745605157.42762 1745605157.533024
1745605157.55036 1745605157.5583513 1745605157.643382
1745605157.6511445 1745605157.6677861 1745605157.7698243
1745605157.7770255 1745605157.785093 1745605157.878122
1745605157.894158 1745605157.9026406 1745605157.9972653
1745605158.0048451 1745605158.0126579 1745605158.115665
1745605158.131158 1745605158.1395457 1745605158.225915
1745605158.2335713 1745605158.2412717 1745605158.344182
1745605158.351807 1745605158.3690362 1745605158.4520376
1745605158.459344 1745605158.4672048 1745605158.577138
1745605158.5845506 1745605158.5922647 1745605158.6838818
1745605158.6915133 1745605158.6996849 1745605158.8015087
1745605158.8088446 1745605158.8167844 1745605158.9181461
1745605158.925732 1745605158.9340637 1745605159.0281844
1745605159.0357459 1745605159.0434954 1745605159.1376917
1745605159.153279 1745605159.16117 1745605159.2553804
1745605159.2626345 1745605159.2703617 1745605159.3768978
1745605159.389911 1745605159.3976254 1745605159.4850085
1745605159.492542 1745605159.5093074 1745605159.6126976
1745605159.6202722 1745605159.628089 1745605159.7223225
1745605159.738373 1745605159.746464 1745605159.8402903
1745605159.8476648 1745605159.8559518 1745605159.9859033
1745605159.9931064 1745605160.023295 1745605160.1376605
1745605160.1449401 1745605160.1530359 1745605160.2706025
1745605160.2796266 1745605160.2877476 1745605160.3917985
1745605160.3991904 1745605160.4072616 1745605160.5294645
1745605160.5370505 1745605160.5447357 1745605160.636824
1745605160.6440842 1745605160.652559 1745605160.7477336
1745605160.7553344 1745605160.763033 1745605160.861312
1745605160.8738394 1745605160.8815567 1745605160.9753122
1745605160.9829476 1745605160.9908686 1745605161.101413
1745605161.1085954 1745605161.116821 1745605161.200039
1745605161.2074945 1745605161.2243023 1745605161.3264258
1745605161.3339722 1745605161.341727 1745605161.4361475
1745605161.4434037 1745605161.4599972 1745605161.5550277
1745605161.5622911 1745605161.57034 1745605161.6648564
1745605161.676262 1745605161.689596 1745605161.7832248
1745605161.7905977 1745605161.7983391 1745605161.9219074
1745605161.9291751 1745605161.9375362 1745605162.0232828
1745605162.0392683 1745605162.0470805 1745605162.150328
1745605162.1577837 1745605162.16573 1745605162.2520854
1745605162.2595797 1745605162.275611 1745605162.3797398
1745605162.387292 1745605162.3950763 1745605162.4903684
1745605162.5062985 1745605162.5141973 1745605162.6075838
1745605162.6148741 1745605162.622891 1745605162.7256994
1745605162.7419205 1745605162.7507339 1745605162.8351207
1745605162.8424501 1745605162.8508344 1745605162.968045
1745605162.9754615 1745605162.983569 1745605163.0698714
1745605163.077178 1745605163.0853348 1745605163.1961944
1745605163.203851 1745605163.2116024 1745605163.3059354
1745605163.3131604 1745605163.321723 1745605163.421015
1745605163.4284537 1745605163.4366434 1745605163.5336013
1745605163.5476775 1745605163.5561442 1745605163.6485512
1745605163.6566513 1745605163.6654322 1745605163.7760983
1745605163.7841613 1745605163.792419 1745605163.8761005
1745605163.8834605 1745605163.891385 1745605163.9935684
1745605164.001783 1745605164.0183468 1745605164.1024177
1745605164.1098351 1745605164.118183 1745605164.2293146
1745605164.2371423 1745605164.2449098 1745605164.3278978
1745605164.3361113 1745605164.3522964 1745605164.4573169
1745605164.4646995 1745605164.472842 1745605164.5569057
1745605164.564283 1745605164.5721767 1745605164.684163
1745605164.6917937 1745605164.6996036 1745605164.7835383
1745605164.7913296 1745605164.808005 1745605164.9111578
1745605164.9185278 1745605164.9262648 1745605165.0183969
1745605165.026017 1745605165.0340884 1745605165.1360037
1745605165.143304 1745605165.1515586 1745605165.2702408
1745605165.277518 1745605165.295104 1745605165.394442
1745605165.4020967 1745605165.4115922 1745605165.5211825
1745605165.529627 1745605165.5387585 1745605165.6319015
1745605165.6392837 1745605165.647764 1745605165.7543263
1745605165.7705436 1745605165.7783704 1745605165.8599846
1745605165.8673072 1745605165.875062 1745605165.9799607
1745605165.9876516 1745605165.9952576 1745605166.070838
1745605166.0782166 1745605166.086112 1745605166.170727
1745605166.1782162 1745605166.1862164 1745605166.2870438
1745605166.2945604 1745605166.302628 1745605166.3963664
1745605166.4092238 1745605166.4177365 1745605166.5221636
1745605166.5295203 1745605166.5375 1745605166.6283987
1745605166.6361353 1745605166.6523707 1745605166.7572997
1745605166.7646856 1745605166.7726712 1745605166.8804398
1745605166.8883674 1745605166.9053187 1745605166.9930918
1745605167.0006802 1745605167.0085323 1745605167.1056175
1745605167.1222215 1745605167.130103 1745605167.2338505
1745605167.2410762 1745605167.2490034 1745605167.3505874
1745605167.36131 1745605167.3721273 1745605167.4677188
1745605167.4750621 1745605167.4833114 1745605167.5953147
1745605167.6031573 1745605167.6111393 1745605167.699487
1745605167.707142 1745605167.7150114 1745605167.8215623
1745605167.8290517 1745605167.845779 1745605167.9414392
1745605167.9486604 1745605167.9576426 1745605168.0714157
1745605168.07878 1745605168.087168 1745605168.1767282
1745605168.192885 1745605168.2014434 1745605168.3063915
1745605168.3137248 1745605168.3217075 1745605168.4158041
1745605168.4237154 1745605168.440987 1745605168.536769
1745605168.5440967 1745605168.552025 1745605168.637344
1745605168.6445417 1745605168.6605022 1745605168.7751195
1745605168.7824328 1745605168.79069 1745605168.8867087
1745605168.8941803 1745605168.9108124 1745605169.0072393
1745605169.0145204 1745605169.022604 1745605169.1290536
1745605169.1367245 1745605169.1450138 1745605169.241342
1745605169.2485774 1745605169.2567399 1745605169.3470128
1745605169.3545766 1745605169.362949 1745605169.4734359
1745605169.4806154 1745605169.4889097 1745605169.5885837
1745605169.5959225 1745605169.6041386 1745605169.7177556
1745605169.725048 1745605169.7332833 1745605169.8449364
1745605169.8530695 1745605169.8614824 1745605169.9675744
1745605169.9749317 1745605169.9832523 1745605170.1036687
1745605170.1110795 1745605170.1195166 1745605170.222051
1745605170.2293286 1745605170.2377148 1745605170.374751
1745605170.3836179 1745605170.4018176 1745605170.4966104
1745605170.5048537 1745605170.5241313 1745605170.6534402
1745605170.6613007 1745605170.670573 1745605170.789617
1745605170.7972877 1745605170.8143122 1745605170.9187174
1745605170.9260015 1745605170.9345493 1745605171.0380468
1745605171.047095 1745605171.0560462 1745605171.156345
1745605171.163621 1745605171.1719294 1745605171.2632065
1745605171.2707796 1745605171.2823894 1745605171.3754256
1745605171.3855412 1745605171.394722 1745605171.4828117
1745605171.4900343 1745605171.4983928 1745605171.6135352
1745605171.6296825 1745605171.6384096 1745605171.727337
1745605171.7350364 1745605171.7432282 1745605171.867531
1745605171.8749018 1745605171.8922799 1745605171.9803755
1745605171.9879465 1745605171.9964702 1745605172.1225157
1745605172.1295726 1745605172.1383398 1745605172.234994
1745605172.2423146 1745605172.251129 1745605172.3650997
1745605172.3726833 1745605172.381029 1745605172.4757624
1745605172.483387 1745605172.5006917 1745605172.605542
1745605172.6125991 1745605172.6211147 1745605172.7049518
1745605172.7123313 1745605172.7290275 1745605172.8404775
1745605172.8491468 1745605172.8579357 1745605172.9457629
1745605172.9618776 1745605172.97071 1745605173.08236
1745605173.0896914 1745605173.0978346 1745605173.18988
1745605173.196882 1745605173.2059577 1745605173.3151045
1745605173.32229 1745605173.3305638 1745605173.4125717
1745605173.419771 1745605173.4280086 1745605173.5279133
1745605173.5438 1745605173.5525677 1745605173.6430311
1745605173.6504397 1745605173.6587946 1745605173.7642627
1745605173.776607 1745605173.7852778 1745605173.8752384
1745605173.882476 1745605173.890941 1745605173.998595
1745605174.0062985 1745605174.0146906 1745605174.1053052
1745605174.1124513 1745605174.120837 1745605174.2094219
1745605174.2168384 1745605174.2252285 1745605174.3319643
1745605174.3390756 1745605174.3471816 1745605174.435902
1745605174.4429455 1745605174.4517374 1745605174.5583248
1745605174.565536 1745605174.5738356 1745605174.664115
1745605174.6718857 1745605174.6802602 1745605174.788221
1745605174.7954218 1745605174.803827 1745605174.8911252
1745605174.8982759 1745605174.9069257 1745605175.0188062
1745605175.0259929 1745605175.034938 1745605175.132445
1745605175.139989 1745605175.1480923 1745605175.2632499
1745605175.2709324 1745605175.2886794 1745605175.3743024
1745605175.381494 1745605175.390017 1745605175.5335126
1745605175.542307 1745605175.5513504 1745605175.6362755
1745605175.6538818 1745605175.6627572 1745605175.7751296
1745605175.7824504 1745605175.7909005 1745605175.8742018
1745605175.881268 1745605175.8896785 1745605175.9906824
1745605175.998096 1745605176.0140996 1745605176.108373
1745605176.115709 1745605176.1240754 1745605176.226587
1745605176.2342954 1745605176.2512367 1745605176.3439267
1745605176.3515456 1745605176.3595548 1745605176.4617426
1745605176.46945 1745605176.4862597 1745605176.5791972
1745605176.5866537 1745605176.5947537 1745605176.68352
1745605176.6964676 1745605176.7050357 1745605176.8145733
1745605176.8220518 1745605176.8302183 1745605176.9217026
1745605176.9343982 1745605176.9423833 1745605177.0535598
1745605177.0607731 1745605177.0690422 1745605177.1514707
1745605177.167261 1745605177.1753943 1745605177.2851145
1745605177.2921834 1745605177.3005779 1745605177.3840241
1745605177.391398 1745605177.3997016 1745605177.502951
1745605177.5099885 1745605177.526922 1745605177.6188917
1745605177.6259055 1745605177.6342628 1745605177.7336078
1745605177.7408993 1745605177.758075 1745605177.8490849
1745605177.8563778 1745605177.864459 1745605177.9824007
1745605177.9988158 1745605178.0137298 1745605178.1785817
1745605178.1903687 1745605178.20767 1745605178.336489
1745605178.3475082 1745605178.3643954 1745605178.5210252
1745605178.5281196 1745605178.5440335 1745605178.7386413
1745605178.7534263 1745605178.7842622 1745605178.9644616
1745605178.9799688 1745605178.9930902 1745605179.1712215
1745605179.187279 1745605179.205737 1745605179.3830616
1745605179.3988807 1745605179.419422 1745605179.5951462
1745605179.6108954 1745605179.63382 1745605179.8196998
1745605179.835817 1745605179.8529167 1745605180.0369632
1745605180.0607445 1745605180.0770931 1745605180.261513
1745605180.2798033 1745605180.2969613 1745605180.4234676
1745605180.431045 1745605180.439549 1745605180.5287187
1745605180.536739 1745605180.5471013 1745605180.6405118
1745605180.648561 1745605180.6592345 1745605180.7504776
1745605180.7587576 1745605180.7692184 1745605180.8808036
1745605180.8889053 1745605180.9037545 1745605181.0013235
1745605181.008893 1745605181.0178635 1745605181.106682
1745605181.1149614 1745605181.1236913 1745605181.2125168
1745605181.220987 1745605181.2295105 1745605181.3156602
1745605181.3232691 1745605181.3318298 1745605181.422873
1745605181.4308336 1745605181.439567 1745605181.5279386
1745605181.5355806 1745605181.5443068 1745605181.630997
1745605181.6386044 1745605181.647242 1745605181.7353609
1745605181.7443082 1745605181.753723 1745605181.8496633
1745605181.8581188 1745605181.867491 1745605181.954114
1745605181.962352 1745605181.971918 1745605182.0612485
1745605182.069463 1745605182.07827 1745605182.16584
1745605182.1736484 1745605182.1821663 1745605182.2700286
1745605182.2781901 1745605182.2877574 1745605182.3760986
1745605182.3847778 1745605182.3934445 1745605182.4818175
1745605182.4896898 1745605182.4981923 1745605182.5849502
1745605182.5924745 1745605182.602463 1745605182.692534
1745605182.7003577 1745605182.7097273 1745605182.7972147
1745605182.805517 1745605182.8140445 1745605182.901737
1745605182.9095488 1745605182.9193943 1745605183.0073175
1745605183.014928 1745605183.0236473 1745605183.1077206
1745605183.1154983 1745605183.1239667 1745605183.2120326
1745605183.219823 1745605183.2291453 1745605183.3169942
1745605183.3245912 1745605183.3334439 1745605183.4191515
1745605183.4289587 1745605183.4376166 1745605183.5251575
1745605183.533813 1745605183.5426872 1745605183.6325443
1745605183.64007 1745605183.648977 1745605183.736487
1745605183.7449045 1745605183.7539659 1745605183.844548
1745605183.8527508 1745605183.861546 1745605183.9513142
1745605183.9590464 1745605183.968021 1745605184.0599244
1745605184.0680988 1745605184.0771327 1745605184.1678724
1745605184.1758487 1745605184.1851583 1745605184.278803
1745605184.2867522 1745605184.295373 1745605184.3872883
1745605184.3951318 1745605184.40408 1745605184.5004206
1745605184.507946 1745605184.5171707 1745605184.6060317
1745605184.6136475 1745605184.6225781 1745605184.7126002
1745605184.7205267 1745605184.729326 1745605184.8199341
1745605184.8275652 1745605184.836959 1745605184.9262545
1745605184.9341822 1745605184.9428682 1745605185.0339568
1745605185.0416396 1745605185.0505297 1745605185.1384814
1745605185.146108 1745605185.1547577 1745605185.2410078
1745605185.2492206 1745605185.2587445 1745605185.3468401
1745605185.3551753 1745605185.3647685 1745605185.4537027
1745605185.4612544 1745605185.4699175 1745605185.5569384
1745605185.56472 1745605185.5740397 1745605185.6623867
1745605185.6723168 1745605185.6859555 1745605185.7782133
1745605185.7857835 1745605185.7949998 1745605185.8894706
1745605185.897092 1745605185.9063256 1745605185.9989355
1745605186.0073392 1745605186.0169866 1745605186.1113174
1745605186.1196 1745605186.1291218 1745605186.2313952
1745605186.2443705 1745605186.2541537 1745605186.3451583
1745605186.3527553 1745605186.3612483 1745605186.4496677
1745605186.45746 1745605186.466879 1745605186.554866
1745605186.5628138 1745605186.5718474 1745605186.6615386
1745605186.6691043 1745605186.677715 1745605186.7677732
1745605186.7753642 1745605186.7850356 1745605186.8760543
1745605186.8837483 1745605186.8925796 1745605186.979579
1745605186.9872704 1745605186.9959486 1745605187.0849862
1745605187.0928333 1745605187.1016226 1745605187.1924477
1745605187.200767 1745605187.2094545 1745605187.2966146
1745605187.3048372 1745605187.3134391 1745605187.4062586
1745605187.414753 1745605187.4233975 1745605187.5186272
1745605187.526422 1745605187.5352495 1745605187.6318598
1745605187.6400998 1745605187.6490116 1745605187.7465856
1745605187.7547739 1745605187.7632632 1745605187.8597562
1745605187.867437 1745605187.876 1745605187.9654155
1745605187.9737217 1745605187.9828982 1745605188.0741782
1745605188.082679 1745605188.0914724 1745605188.1829178
1745605188.1904871 1745605188.1990206 1745605188.2871914
1745605188.2948267 1745605188.304091 1745605188.3931878
1745605188.400751 1745605188.4100409 1745605188.4977748
1745605188.5054502 1745605188.514151 1745605188.5980434
1745605188.6062324 1745605188.6151311 1745605188.7027605
1745605188.710592 1745605188.7199516 1745605188.80972
1745605188.817278 1745605188.8258448 1745605188.913682
1745605188.9215076 1745605188.9299421 1745605189.0211217
1745605189.0288963 1745605189.0377798 1745605189.1250603
1745605189.13248 1745605189.141097 1745605189.2274008
1745605189.2357802 1745605189.2444887 1745605189.3339512
1745605189.342285 1745605189.3511236 1745605189.4407716
1745605189.448038 1745605189.4567523 1745605189.5419636
1745605189.549731 1745605189.558195 1745605189.647439
1745605189.655225 1745605189.663791 1745605189.7540486
1745605189.7616377 1745605189.770181 1745605189.8564205
1745605189.8638494 1745605189.8732219 1745605189.96316
1745605189.9714062 1745605189.9812768 1745605190.0740545
1745605190.0817533 1745605190.090281 1745605190.1856577
1745605190.1932626 1745605190.2023342 1745605190.2959626
1745605190.3037724 1745605190.3127263 1745605190.4055939
1745605190.413172 1745605190.4218237 1745605190.515513
1745605190.5231912 1745605190.531771 1745605190.6231244
1745605190.6307135 1745605190.6395879 1745605190.7276309
1745605190.7357204 1745605190.7445295 1745605190.839945
1745605190.8484535 1745605190.8575716 1745605190.9489026
1745605190.956538 1745605190.965866 1745605191.0611362
1745605191.0688407 1745605191.0775416 1745605191.180817
1745605191.189947 1745605191.2092729 1745605191.3150997
1745605191.322834 1745605191.3312979 1745605191.41845
1745605191.4266067 1745605191.4357426 1745605191.5287921
1745605191.537049 1745605191.5456846 1745605191.634012
1745605191.6416552 1745605191.6502051 1745605191.7391763
1745605191.747082 1745605191.7559247 1745605191.8505569
1745605191.858322 1745605191.8676574 1745605191.9557035
1745605191.963569 1745605191.9724586 1745605192.0628252
1745605192.0705955 1745605192.0797 1745605192.1697915
1745605192.1775408 1745605192.1867092 1745605192.2752202
1745605192.2828434 1745605192.2913911 1745605192.3789842
1745605192.387045 1745605192.3956769 1745605192.487585
1745605192.495473 1745605192.5044994 1745605192.5938056
1745605192.6014538 1745605192.61 1745605192.7060156
1745605192.7135637 1745605192.7226622 1745605192.8111537
1745605192.818965 1745605192.8290865 1745605192.917845
1745605192.9254432 1745605192.9340296 1745605193.0212104
1745605193.0290983 1745605193.0378156 1745605193.1322837
1745605193.140287 1745605193.1519296 1745605193.2443464
1745605193.2517526 1745605193.2604883 1745605193.348739
1745605193.3565543 1745605193.3652747 1745605193.4580855
1745605193.465694 1745605193.4745529 1745605193.5627055
1745605193.570299 1745605193.5786698 1745605193.6650867
1745605193.6729908 1745605193.6813245 1745605193.769491
1745605193.7770548 1745605193.785964 1745605193.8736362
1745605193.8815184 1745605193.8901198 1745605193.971756
1745605193.9795883 1745605193.9879918 1745605194.071857
1745605194.0794466 1745605194.089039 1745605194.1725059
1745605194.1798599 1745605194.188428 1745605194.2705233
1745605194.2780557 1745605194.2862494 1745605194.3652668
1745605194.3730648 1745605194.3822813 1745605194.4628298
1745605194.4705858 1745605194.4788935 1745605194.5577245
1745605194.5653222 1745605194.5735483 1745605194.6501398
1745605194.657725 1745605194.6660264 1745605194.748416
1745605194.756363 1745605194.7672024 1745605194.853853
1745605194.8615024 1745605194.8697498 1745605194.9533415
1745605194.9610379 1745605194.9696133 1745605195.0518768
1745605195.0593665 1745605195.0684683 1745605195.1500783
1745605195.1576002 1745605195.1658766 1745605195.2433898
1745605195.2509167 1745605195.2593071 1745605195.3398666
1745605195.3476384 1745605195.3563306 1745605195.43599
1745605195.4440799 1745605195.4544501 1745605195.5364606
1745605195.5438695 1745605195.5524354 1745605195.6313217
1745605195.6389258 1745605195.647243 1745605195.727939
1745605195.7357395 1745605195.745281 1745605195.827321
1745605195.8350644 1745605195.8434453 1745605195.9263563
1745605195.9346764 1745605195.9435694 1745605196.0511248
1745605196.0595777 1745605196.078851 1745605196.175045
1745605196.183221 1745605196.1925044 1745605196.2780867
1745605196.2863479 1745605196.2954423 1745605196.406955
1745605196.4225159 1745605196.4306767 1745605196.5099113
1745605196.5174353 1745605196.5257118 1745605196.604277
1745605196.6123426 1745605196.621091 1745605196.7016573
1745605196.7094336 1745605196.7186096 1745605196.7994237
1745605196.8069274 1745605196.8152564 1745605196.8968136
1745605196.9047885 1745605196.9130275 1745605196.9945152
1745605197.005737 1745605197.0142686 1745605197.101769
1745605197.1094933 1745605197.1182795 1745605197.1995292
1745605197.2083356 1745605197.2171047 1745605197.299671
1745605197.3080785 1745605197.317881 1745605197.397946
1745605197.4064014 1745605197.4151564 1745605197.4971633
1745605197.5050056 1745605197.513281 1745605197.5932221
1745605197.6014378 1745605197.6096563 1745605197.6891108
1745605197.6972785 1745605197.7064083 1745605197.790329
1745605197.7979019 1745605197.8064308 1745605197.8880243
1745605197.8958101 1745605197.9045177 1745605197.9863641
1745605197.9938974 1745605198.0028973 1745605198.091001
1745605198.0985727 1745605198.107461 1745605198.190653
1745605198.1983972 1745605198.2069566 1745605198.287768
1745605198.2953415 1745605198.3045352 1745605198.3903246
1745605198.3979108 1745605198.4066808 1745605198.4880335
1745605198.4958127 1745605198.504469 1745605198.5834713
1745605198.5911694 1745605198.6003437 1745605198.6797993
1745605198.6883729 1745605198.696975 1745605198.7779121
1745605198.7860777 1745605198.7943916 1745605198.8740888
1745605198.8819087 1745605198.890479 1745605198.9703002
1745605198.9778857 1745605198.9865034 1745605199.0673761
1745605199.0751286 1745605199.0838032 1745605199.163679
1745605199.1715693 1745605199.1798992 1745605199.2603006
1745605199.2683914 1745605199.2772994 1745605199.3633566
1745605199.371483 1745605199.3797843 1745605199.4670668
1745605199.4750507 1745605199.4839056 1745605199.5708966
1745605199.5786462 1745605199.5871887 1745605199.669589
1745605199.6778915 1745605199.6865664 1745605199.7707126
1745605199.779209 1745605199.788054 1745605199.872717
1745605199.8804033 1745605199.8890758 1745605199.9725246
1745605199.9800925 1745605199.9888666 1745605200.0729172
1745605200.0813081 1745605200.0900886 1745605200.1734395
1745605200.1810741 1745605200.1896508 1745605200.2731085
1745605200.2808638 1745605200.2895167 1745605200.3714848
1745605200.3798392 1745605200.3888695 1745605200.4718158
1745605200.4794176 1745605200.4885087 1745605200.568748
1745605200.5760972 1745605200.5849202 1745605200.6650083
1745605200.672911 1745605200.6812434 1745605200.7599247
1745605200.7679498 1745605200.7764018 1745605200.8566184
1745605200.8651197 1745605200.8737392 1745605200.954475
1745605200.9620926 1745605200.9714277 1745605201.0540059
1745605201.0616739 1745605201.070782 1745605201.1539223
1745605201.1616855 1745605201.1703086 1745605201.259489
1745605201.2683628 1745605201.2774389 1745605201.3608754
1745605201.368974 1745605201.377137 1745605201.461709
1745605201.4713368 1745605201.479503 1745605201.5636415
1745605201.5716305 1745605201.5797997 1745605201.6650665
1745605201.6731684 1745605201.6814282 1745605201.7679071
1745605201.775532 1745605201.7839124 1745605201.8737428
1745605201.8815374 1745605201.8990946 1745605201.9969823
1745605202.0130367 1745605202.0218441 1745605202.1012335
1745605202.1089494 1745605202.1175733 1745605202.2071562
1745605202.2150276 1745605202.2237997 1745605202.3058293
1745605202.3150926 1745605202.3237376 1745605202.4043863
1745605202.4119565 1745605202.4205627 1745605202.50198
1745605202.5096428 1745605202.5181053 1745605202.5996962
1745605202.6074476 1745605202.615735 1745605202.6953423
1745605202.7039294 1745605202.712498 1745605202.791649
1745605202.7995346 1745605202.8077583 1745605202.8868032
1745605202.8944085 1745605202.903139 1745605202.9832137
1745605202.9908004 1745605202.9990919 1745605203.0782175
1745605203.0861187 1745605203.094331 1745605203.1739416
1745605203.1816063 1745605203.190122 1745605203.271744
1745605203.279986 1745605203.288738 1745605203.371289
1745605203.3789406 1745605203.3876219 1745605203.4688022
1745605203.477997 1745605203.4864852 1745605203.5632455
1745605203.5711784 1745605203.5793474 1745605203.6585674
1745605203.666398 1745605203.6753328 1745605203.755166
1745605203.762667 1745605203.7712302 1745605203.8483524
1745605203.8563695 1745605203.8647244 1745605203.9429948
1745605203.9507778 1745605203.9590771 1745605204.044087
1745605204.0520365 1745605204.0637102 1745605204.1504164
1745605204.1580505 1745605204.1666503 1745605204.2436357
1745605204.2515128 1745605204.2597368 1745605204.339846
1745605204.3475401 1745605204.356365 1745605204.4360638
1745605204.4436321 1745605204.4529183 1745605204.532109
1745605204.539743 1745605204.5479577 1745605204.6239283
1745605204.6314127 1745605204.6398878 1745605204.7172213
1745605204.7253265 1745605204.7340558 1745605204.811074
1745605204.8190405 1745605204.8271627 1745605204.90761
1745605204.9156256 1745605204.9245267 1745605205.0115523
1745605205.0196826 1745605205.0279174 1745605205.117009
1745605205.1248808 1745605205.1334689 1745605205.2201004
1745605205.2288578 1745605205.2377048 1745605205.3201036
1745605205.3278177 1745605205.3366091 1745605205.4256847
1745605205.433968 1745605205.4421802 1745605205.533743
1745605205.5416737 1745605205.55031 1745605205.6425693
1745605205.6505544 1745605205.6589575 1745605205.7428648
1745605205.7509851 1745605205.7592106 1745605205.844105
1745605205.8518395 1745605205.8610475 1745605205.9447105
1745605205.9525757 1745605205.9610698 1745605206.0467622
1745605206.054578 1745605206.0626755 1745605206.149471
1745605206.1576028 1745605206.1660638 1745605206.2582695
1745605206.2668965 1745605206.2757714 1745605206.36834
1745605206.3759005 1745605206.3845274 1745605206.468543
1745605206.4764884 1745605206.4868755 1745605206.5706782
1745605206.578447 1745605206.58688 1745605206.6736035
1745605206.6821365 1745605206.6910956 1745605206.781088
1745605206.7894354 1745605206.79755 1745605206.8815265
1745605206.889524 1745605206.8976395 1745605206.9822662
1745605206.9910195 1745605206.9997637 1745605207.0854418
1745605207.0947707 1745605207.1033275 1745605207.1943688
1745605207.2021003 1745605207.210317 1745605207.2958307
1745605207.3044946 1745605207.3130896 1745605207.402255
1745605207.4107306 1745605207.4196017 1745605207.5132098
1745605207.521151 1745605207.5296419 1745605207.6178088
1745605207.6256027 1745605207.6338437 1745605207.722643
1745605207.7305331 1745605207.7393322 1745605207.8340087
1745605207.8433642 1745605207.8524482 1745605207.9430869
1745605207.9507742 1745605207.959056 1745605208.0452096
1745605208.053203 1745605208.0621905 1745605208.1464105
1745605208.1542547 1745605208.1633356 1745605208.2476728
1745605208.2555056 1745605208.2637153 1745605208.3449345
1745605208.3525739 1745605208.3608227 1745605208.439338
1745605208.4469447 1745605208.455245 1745605208.538065
1745605208.5458462 1745605208.5542974 1745605208.6343546
1745605208.642618 1745605208.65142 1745605208.7277808
1745605208.735387 1745605208.7437468 1745605208.8222911
1745605208.8300707 1745605208.8385131 1745605208.9191225
1745605208.9273016 1745605208.9361088 1745605209.0172467
1745605209.0248528 1745605209.033145 1745605209.111544
1745605209.1191957 1745605209.1273925 1745605209.2047253
1745605209.2120621 1745605209.2204297 1745605209.3057961
1745605209.3136804 1745605209.3225484 1745605209.4153903
1745605209.4234242 1745605209.4316428 1745605209.5130491
1745605209.520769 1745605209.5290291 1745605209.6092477
1745605209.6176832 1745605209.626062 1745605209.7168415
1745605209.7245848 1745605209.7332892 1745605209.8137488
1745605209.8213246 1745605209.8296058 1745605209.9105842
1745605209.9182804 1745605209.9265556 1745605210.0083144
1745605210.0167935 1745605210.0253127 1745605210.117207
1745605210.126058 1745605210.134815 1745605210.2220302
1745605210.229656 1745605210.238006 1745605210.3213015
1745605210.329526 1745605210.3381178 1745605210.4204206
1745605210.4278088 1745605210.4372563 1745605210.5245662
1745605210.5320232 1745605210.5405424 1745605210.6213217
1745605210.6289258 1745605210.6371214 1745605210.718296
1745605210.72655 1745605210.7352028 1745605210.8181949
1745605210.8259733 1745605210.8348129 1745605210.9170053
1745605210.9246106 1745605210.933019 1745605211.0113053
1745605211.0188966 1745605211.0270612 1745605211.1060169
1745605211.1135566 1745605211.122073 1745605211.2024453
1745605211.2103415 1745605211.2187605 1745605211.3027616
1745605211.3103633 1745605211.3186452 1745605211.3974974
1745605211.405071 1745605211.413429 1745605211.4931335
1745605211.5026267 1745605211.511495 1745605211.599854
1745605211.6074255 1745605211.6156492 1745605211.6948822
1745605211.703109 1745605211.7116807 1745605211.7908542
1745605211.7994602 1745605211.8077395 1745605211.8952188
1745605211.9036262 1745605211.9222949 1745605212.019283
1745605212.0351386 1745605212.0439634 1745605212.128705
1745605212.1359632 1745605212.144353 1745605212.220077
1745605212.2280433 1745605212.2375047 1745605212.3176103
1745605212.3251235 1745605212.3338585 1745605212.4124496
1745605212.4203513 1745605212.4287143 1745605212.507141
1745605212.5150244 1745605212.5233703 1745605212.5995412
1745605212.6071582 1745605212.615905 1745605212.6943398
1745605212.7017608 1745605212.7096996 1745605212.7916977
1745605212.799217 1745605212.8073044 1745605212.8850818
1745605212.8921497 1745605212.9005997 1745605212.978474
1745605212.9859006 1745605212.9937403 1745605213.0846472
1745605213.1011333 1745605213.1089063 1745605213.2004333
1745605213.2076254 1745605213.215859 1745605213.2942853
1745605213.3016682 1745605213.309467 1745605213.3846936
1745605213.3922656 1745605213.400527 1745605213.5001829
1745605213.5076988 1745605213.524604 1745605213.6080341
1745605213.6151578 1745605213.6232922 1745605213.6965737
1745605213.7040753 1745605213.711951 1745605213.8036978
1745605213.819773 1745605213.8276062 1745605213.919617
1745605213.9266667 1745605213.9349518 1745605214.008544
1745605214.0158336 1745605214.0238183 1745605214.096315
1745605214.103741 1745605214.1117382 1745605214.21062
1745605214.2182362 1745605214.226285 1745605214.3165436
1745605214.323686 1745605214.3314388 1745605214.4038153
1745605214.4108884 1745605214.4191804 1745605214.5104864
1745605214.5181727 1745605214.5349975 1745605214.6271644
1745605214.6345873 1745605214.6424053 1745605214.7139335
1745605214.7215965 1745605214.7294307 1745605214.8123152
1745605214.8284912 1745605214.8369067 1745605214.9364364
1745605214.9435809 1745605214.9518847 1745605215.0344608
1745605215.0414925 1745605215.0495949 1745605215.1218896
1745605215.1289308 1745605215.1371505 1745605215.2305932
1745605215.246566 1745605215.2549486 1745605215.3474312
1745605215.3548265 1745605215.3626547 1745605215.4350986
1745605215.4422672 1745605215.450318 1745605215.5436528
1745605215.5522847 1745605215.5707264 1745605215.6965616
1745605215.7044039 1745605215.7123423 1745605215.8046114
1745605215.8117347 1745605215.8199134 1745605215.894648
1745605215.902028 1745605215.9098275 1745605215.9880261
1745605216.0006037 1745605216.0086002 1745605216.1457474
1745605216.1534047 1745605216.161083 1745605216.242669
1745605216.2500472 1745605216.257717 1745605216.3315935
1745605216.339169 1745605216.3470101 1745605216.454164
1745605216.4620063 1745605216.4708667 1745605216.5447266
1745605216.5520906 1745605216.560469 1745605216.632111
1745605216.639241 1745605216.6472414 1745605216.7196429
1745605216.7265918 1745605216.7346263 1745605216.9098942
1745605216.9175475 1745605216.934114 1745605217.017049
1745605217.024276 1745605217.0322123 1745605217.1052566
1745605217.1123552 1745605217.120626 1745605217.2130122
1745605217.2202802 1745605217.2299774 1745605217.307186
1745605217.3144119 1745605217.3244057 1745605217.4042575
1745605217.4112566 1745605217.4195693 1745605217.4923327
1745605217.4997966 1745605217.5075254 1745605217.5797484
1745605217.5871542 1745605217.5949852 1745605217.6877782
1745605217.6950362 1745605217.7056687 1745605217.800365
1745605217.8074274 1745605217.8151126 1745605217.8875678
1745605217.8946564 1745605217.903003 1745605218.000568
1745605218.007565 1745605218.0157533 1745605218.1157062
1745605218.1231017 1745605218.130809 1745605218.2301018
1745605218.2396932 1745605218.247422 1745605218.3203647
1745605218.3274083 1745605218.3355727 1745605218.4463997
1745605218.4537027 1745605218.4672818 1745605218.5674448
1745605218.5795248 1745605218.599683 1745605218.7231283
1745605218.730108 1745605218.7386665 1745605218.8105044
1745605218.8179588 1745605218.8256814 1745605218.9088929
1745605218.9228806 1745605218.9306767 1745605219.0190628
1745605219.0344436 1745605219.0427644 1745605219.1161969
1745605219.1233122 1745605219.1311483 1745605219.2047226
1745605219.2117271 1745605219.219828 1745605219.3049023
1745605219.3183572 1745605219.3358088 1745605219.4259827
1745605219.441969 1745605219.45011 1745605219.5325856
1745605219.5397434 1745605219.5475674 1745605219.6209395
